STX-2025-07-13T02:54:09.915589

APO-2025-07-13T02:58:49.032761

COOP-2025-07-13T03:00:07.852066

 AMD-2025-07-13T03:05:04.553754

 STX-2025-07-13T03:15:33.531672

 APO-2025-07-13T03:16:46.178505

 COOP-2025-07-13T03:19:46.044659

 AMD-2025-07-13T03:22:32.149742

 RDDT-2025-07-13T03:23:11.094047

 LYV-2025-07-13T03:28:22.937227

 MS-2025-07-13T03:30:37.169680

 PLTR-2025-07-13T04:00:58.183939

 KKR-2025-07-13T04:02:15.878080

 EMR-2025-07-13T04:07:29.485165

 DDOG-2025-07-13T04:10:04.813758

 DHR-2025-07-13T04:13:52.242508

 DHI-2025-07-13T04:18:55.320171

 ABNB-2025-07-13T04:21:04.771880

 BLDR-2025-07-13T04:25:48.368084

 ROST-2025-07-13T04:40:38.884482

 DELL-2025-07-13T04:42:53.480288

 NTRS-2025-07-13T04:47:26.346631

 CRWV-2025-07-13T04:51:46.294548

 MU-2025-07-13T04:54:38.530807

 STX-2025-07-13T05:31:42.669012

 APO-2025-07-13T05:51:05.409519

 COOP-2025-07-13T05:55:05.021383

 AMD-2025-07-13T05:59:15.409211

 RDDT-2025-07-13T06:03:13.588047

 LYV-2025-07-13T06:06:04.725673

 MS-2025-07-13T06:31:23.932918

 PLTR-2025-07-13T06:36:16.644787

 KKR-2025-07-13T06:45:05.589356

 EMR-2025-07-13T06:51:38.971968

 DDOG-2025-07-13T07:05:34.254854

 DHR-2025-07-13T07:09:38.185032

 DHI-2025-07-13T07:23:12.956962

 ABNB-2025-07-13T07:28:46.857488

 BLDR-2025-07-13T07:54:42.069387

 ROST-2025-07-13T07:58:04.873728

 DELL-2025-07-13T08:20:09.355875

 NTRS-2025-07-13T08:34:03.622553

 CRWV-2025-07-13T08:47:30.300232

 MU-2025-07-13T09:09:59.471899

 VRT-2025-07-13T09:13:23.508235

 DIS-2025-07-13T09:18:44.505155

 PHM-2025-07-13T09:34:48.867506

 LEN-2025-07-13T09:40:26.290582

 TWLO-2025-07-13T09:43:52.587429

 ALAB-2025-07-13T09:48:34.899355

 UBER-2025-07-13T09:54:16.173497

 CRH-2025-07-13T09:58:24.702348

 SBUX-2025-07-13T10:03:03.773086

 BK-2025-07-13T10:07:32.256402

 COHR-2025-07-13T10:16:40.910809

 LITE-2025-07-13T10:30:43.013121

 CAVA-2025-07-13T10:35:29.498256

 EL-2025-07-13T10:48:26.219893

 TRU-2025-07-13T11:14:45.516405

 NDAQ-2025-07-13T11:19:43.403843

 ANF-2025-07-13T11:24:18.729311

 IR-2025-07-13T11:30:55.886300

 ROKU-2025-07-13T11:34:31.996119

 UAL-2025-07-13T11:40:05.930260

 ENTG-2025-07-13T11:52:19.106756

 C-2025-07-13T11:56:37.345066

 MLI-2025-07-13T12:01:09.975220

 DXCM-2025-07-13T12:16:17.503305

 FND-2025-07-13T12:31:39.924277

 WFC-2025-07-13T12:54:57.818172

 CP-2025-07-13T12:59:05.093794

 EMN-2025-07-13T13:01:24.411579

 FIS-2025-07-13T13:05:20.331994

 CARR-2025-07-13T13:10:34.939469

 CIVI-2025-07-14T03:36:45.048476

 PII-2025-07-14T03:51:50.664682

 LMND-2025-07-14T04:14:02.238232

 QUBT-2025-07-14T04:17:38.633112

 HUT-2025-07-14T04:22:47.644648

 XENE-2025-07-14T04:47:32.534539

 RDW-2025-07-14T04:53:16.494852

 BEAM-2025-07-14T04:55:58.679334

 FIVN-2025-07-14T05:10:52.234653

 PGY-2025-07-14T05:41:37.656000

 AAOI-2025-07-14T05:46:09.762989

 INOD-2025-07-14T06:16:25.009668

 VSCO-2025-07-14T06:41:42.823131

 SEDG-2025-07-14T06:47:06.888897

 AEVA-2025-07-14T07:03:16.270933

 NNE-2025-07-14T07:27:48.404345

 SBET-2025-07-14T07:36:52.790146

 OUST-2025-07-14T08:07:20.153028

 VRNT-2025-07-14T08:38:01.251411

 TSSI-2025-07-14T08:52:49.747760

 BMNR-2025-07-14T08:58:00.123770

 ARTL-2025-07-14T09:28:29.031873

 SNDK-2025-07-14T09:31:42.295697

 BRKR-2025-07-14T10:02:37.126081

 FBIN-2025-07-14T10:07:27.883743

 HSAI-2025-07-14T23:09:23.901836

 HUT-2025-07-14T23:13:25.916326
 
 TSSI-2025-07-14T23:18:35.288450